132
19.0 45.0 0.391152144312 2.0
40.0 44.0 0.409267638594 2.0
17.0 48.0 0.427668095607 2.0
32.0 134.0 0.434779637671 3.0
9.0 14.0 0.487852436706 2.0
7.0 133.0 0.528709119775 3.0
41.0 42.0 0.545068802996 2.0
54.0 138.0 0.578763048809 4.0
6.0 29.0 0.582322934462 2.0
20.0 21.0 0.662721661031 2.0
137.0 139.0 0.677606080256 4.0
26.0 51.0 0.682715167548 2.0
135.0 143.0 0.721560808248 6.0
15.0 52.0 0.726223106215 2.0
0.0 4.0 0.74303431953 2.0
1.0 49.0 0.788542960149 2.0
34.0 146.0 0.791580697087 3.0
121.0 125.0 0.796617850666 2.0
65.0 70.0 0.804052237109 2.0
18.0 142.0 0.819105202848 3.0
5.0 23.0 0.832466215531 2.0
27.0 39.0 0.859069263797 2.0
3.0 43.0 0.905262392901 2.0
115.0 119.0 0.90631120483 2.0
140.0 145.0 0.909956042894 10.0
74.0 75.0 0.926444817569 2.0
73.0 76.0 0.936696322188 2.0
62.0 71.0 0.948683298051 2.0
147.0 153.0 0.958097072326 4.0
13.0 16.0 0.963638936532 2.0
37.0 38.0 0.972933707916 2.0
112.0 116.0 0.981325634028 2.0
22.0 55.0 0.983005595101 2.0
141.0 152.0 0.983649666633 5.0
64.0 106.0 0.989242134161 2.0
85.0 90.0 0.992924971989 2.0
88.0 105.0 1.00034993877 2.0
136.0 149.0 1.01122038482 6.0
83.0 158.0 1.02760238744 3.0
2.0 25.0 1.05123736615 2.0
129.0 131.0 1.0561249926 2.0
35.0 50.0 1.0562670117 2.0
66.0 95.0 1.07256701422 2.0
82.0 93.0 1.07786826653 2.0
68.0 69.0 1.07925900506 2.0
24.0 46.0 1.08217373836 2.0
86.0 96.0 1.11718395978 2.0
111.0 126.0 1.12880467752 2.0
58.0 151.0 1.13350488898 3.0
103.0 104.0 1.13463650567 2.0
100.0 173.0 1.14714137461 3.0
33.0 178.0 1.14942014367 3.0
89.0 92.0 1.16258333035 2.0
155.0 165.0 1.16910221965 4.0
84.0 102.0 1.17303026389 2.0
79.0 97.0 1.18245507314 2.0
31.0 47.0 1.19297946336 2.0
30.0 172.0 1.19464081073 3.0
61.0 67.0 1.20735247546 2.0
118.0 120.0 1.21490740388 2.0
174.0 186.0 1.24456150243 6.0
117.0 128.0 1.26166556583 2.0
113.0 156.0 1.27992187262 3.0
36.0 163.0 1.29065874653 3.0
59.0 60.0 1.29185912545 2.0
8.0 148.0 1.29673950095 3.0
130.0 183.0 1.30275349421 4.0
161.0 166.0 1.30335251478 9.0
144.0 170.0 1.31245952319 8.0
123.0 124.0 1.3162066707 2.0
11.0 12.0 1.32302683268 2.0
122.0 194.0 1.32340470001 3.0
91.0 179.0 1.32957386657 3.0
167.0 181.0 1.34133764081 5.0
81.0 176.0 1.37387529759 3.0
94.0 101.0 1.37985506485 2.0
110.0 180.0 1.38383525031 3.0
187.0 193.0 1.39762000081 8.0
72.0 160.0 1.41090987191 3.0
99.0 107.0 1.4274452704 2.0
150.0 195.0 1.44638860615 5.0
63.0 87.0 1.44658217879 2.0
184.0 190.0 1.44985056701 6.0
127.0 132.0 1.45708613335 2.0
28.0 77.0 1.46570802004 2.0
80.0 109.0 1.46877499979 2.0
154.0 210.0 1.47055261722 10.0
53.0 209.0 1.48979864411 4.0
168.0 212.0 1.52527046782 4.0
10.0 203.0 1.55194501621 3.0
56.0 185.0 1.56626945319 3.0
57.0 78.0 1.56757774927 2.0
108.0 188.0 1.57494973465 3.0
171.0 214.0 1.59112957779 5.0
114.0 204.0 1.61834792304 4.0
175.0 211.0 1.67089596724 5.0
216.0 217.0 1.67421623454 4.0
221.0 225.0 1.69026132102 7.0
159.0 206.0 1.69856914574 7.0
196.0 220.0 1.7295870688 7.0
169.0 182.0 1.75896276254 4.0
164.0 192.0 1.76062488907 4.0
207.0 218.0 1.77236753149 5.0
191.0 205.0 1.78908729059 5.0
98.0 219.0 1.79185784745 11.0
177.0 202.0 1.79708096646 4.0
198.0 215.0 1.91430289023 9.0
200.0 237.0 1.98805374092 20.0
224.0 233.0 2.02120013853 6.0
162.0 189.0 2.02487036622 4.0
222.0 229.0 2.1173388509 7.0
208.0 241.0 2.1273222605 8.0
232.0 242.0 2.13474320972 11.0
213.0 234.0 2.23933124938 9.0
157.0 201.0 2.30622274148 18.0
197.0 223.0 2.3188747271 5.0
243.0 248.0 2.40552756316 12.0
238.0 246.0 2.42072338556 13.0
227.0 245.0 2.56289744885 15.0
199.0 235.0 2.59997051265 9.0
230.0 236.0 2.62099853745 12.0
228.0 231.0 2.70434518084 12.0
249.0 252.0 2.75531780208 21.0
239.0 240.0 3.0396240252 29.0
226.0 253.0 3.30552757499 17.0
254.0 257.0 3.87248396364 29.0
250.0 255.0 4.11082063378 34.0
244.0 251.0 4.40011933303 23.0
247.0 256.0 4.6908708475 47.0
258.0 259.0 5.91652365597 63.0
260.0 262.0 9.65002739889 86.0
261.0 263.0 23.0578489524 133.0